*************************************************
******************* ORCA 6.1.1 ******************
*************************************************
$Calculation_Status
   &GeometryIndex 1
   &version [&Type "String"] "6.1.1"
   &progName [&Type "String"] "LeanSCF"
   &Status [&Type "String"] "NORMAL TERMINATION"
$End
$Geometry
   &GeometryIndex 1
   &NAtoms [&Type "Integer"] 32
   &NCorelessECP [&Type "Integer"] 0
   &NGhostAtoms [&Type "Integer"] 0
   &CartesianCoordinates [&Type "Coordinates", &Dim(32,4), &Units "Bohr"] 
              O     -0.610489255646   -1.643198131668   -0.218420215737
              O      1.408089744443    5.064592650560   -0.094516542314
              O     -8.361767911764    3.249015590681    0.306540035088
              O     -3.885974240286    5.306713811469    0.158130393160
              O     -8.529515121220   -5.724207226784    0.015246310448
              O      8.921674867984   -0.938528704960    3.873991486870
              O     11.251083581485   -1.467470608749   -0.807888157869
              C     -4.401336572076    0.924794175418    0.043543069578
              C     -3.186596046752   -1.404270607926   -0.089850808490
              C      0.843354537951    0.528401442115   -0.215423110089
              C      3.563120199483   -0.002904509068   -0.358583092816
              C     -0.065205000251    2.904446706875   -0.096030212947
              C     -2.856126409630    3.230035181392    0.044692023067
              C     -7.042277977111    1.027134183927    0.171110921974
              C     -4.597641322868   -3.630980264953   -0.097579788377
              C     -7.222217699583   -3.504117280404    0.028990288620
              C      4.969401476016   -0.332597468749    1.860310656921
              C     -8.462754876361   -1.189032690998    0.164215311312
              C      4.777758679597   -0.109466165760   -2.715831251722
              C      7.554493914888   -0.753344992466    1.695477405163
              C      7.374437042246   -0.565130210087   -2.858824036394
              C      8.738776961041   -0.913815992479   -0.647102483117
              H     -3.663345604448   -5.456455710321   -0.201233156549
              H      4.071556684993   -0.232394740497    3.705373113667
              H    -10.508009250556   -1.069598219882    0.264041984062
              H      3.705909795889    0.144308936217   -4.453230341440
              H      8.310958845202   -0.680239047249   -4.681942005702
              H      3.181597721128    4.594022497322   -0.169334579408
              H     -7.135622889222    4.651005299164    0.296405433832
              H    -10.326947030761   -5.354603251154    0.114313313293
              H     10.779770096157   -1.043982696788    4.128805045892
              H     12.272398661052   -2.913480224428    0.349052855268
$End
$SCF_Mulliken_Population_Analysis
   &GeometryIndex 1
   &NAtoms [&Type "Integer"] 32
   &ATNO [&Type "ArrayOfIntegers", &Dim (32,1)] 
                                                         0

0                                                        8
1                                                        8
2                                                        8
3                                                        8
4                                                        8
5                                                        8
6                                                        8
7                                                        6
8                                                        6
9                                                        6
10                                                       6
11                                                       6
12                                                       6
13                                                       6
14                                                       6
15                                                       6
16                                                       6
17                                                       6
18                                                       6
19                                                       6
20                                                       6
21                                                       6
22                                                       1
23                                                       1
24                                                       1
25                                                       1
26                                                       1
27                                                       1
28                                                       1
29                                                       1
30                                                       1
31                                                       1
   &AtomicCharges [&Type "ArrayOfDoubles", &Dim (32,1)] 
                                                         0

0                                      5.0192832192262157e-02
1                                      3.8313234790706002e-03
2                                      1.8446219228581813e-02
3                                      8.1607821854272657e-03
4                                      1.0505522546990508e-02
5                                      6.2935959350039696e-06
6                                      2.5295657047294211e-06
7                                      1.7150939654168718e-01
8                                      1.6115616342421413e-01
9                                      1.7558401462454451e-02
10                                     1.7341589250919546e-03
11                                     2.5648573821518930e-02
12                                     5.0562831862846144e-02
13                                     1.4004785926081348e-01
14                                     1.1171193340255706e-01
15                                     1.1677717693576531e-01
16                                     1.4624017328870029e-04
17                                     1.0583408346621448e-01
18                                     1.5279335467816490e-04
19                                     2.3860481370355718e-05
20                                     1.6346507202111225e-05
21                                     4.7933172012671681e-06
22                                     2.5815479286088491e-03
23                                     4.0100686896882272e-07
24                                     2.3355189510554540e-03
25                                     1.1420384273323958e-06
26                                     1.0182080770746877e-07
27                                    -5.7820061992704178e-06
28                                     7.0019951140046276e-04
29                                     3.5665577937384968e-04
30                                     7.8606042922835490e-08
31                                     2.0632742012086221e-08
   &Method [&Type "String"] "SCF"
   &Level [&Type "String"] "Relaxed density"
   &Mult [&Type "Integer"] 1
   &State [&Type "Integer"] -1
   &Irrep [&Type "Integer"] 0
$End
$SCF_Loewdin_Population_Analysis
   &GeometryIndex 1
   &NAtoms [&Type "Integer"] 32
   &ATNO [&Type "ArrayOfIntegers", &Dim (32,1)] 
                                                         0

0                                                        8
1                                                        8
2                                                        8
3                                                        8
4                                                        8
5                                                        8
6                                                        8
7                                                        6
8                                                        6
9                                                        6
10                                                       6
11                                                       6
12                                                       6
13                                                       6
14                                                       6
15                                                       6
16                                                       6
17                                                       6
18                                                       6
19                                                       6
20                                                       6
21                                                       6
22                                                       1
23                                                       1
24                                                       1
25                                                       1
26                                                       1
27                                                       1
28                                                       1
29                                                       1
30                                                       1
31                                                       1
   &AtomicCharges [&Type "ArrayOfDoubles", &Dim (32,1)] 
                                                         0

0                                      5.1133770479146336e-02
1                                      3.9634275655539425e-03
2                                      2.2755348915348854e-02
3                                      9.4926085798850666e-03
4                                      1.4764713431243042e-02
5                                      3.2230785525143394e-06
6                                      1.9432898951221921e-06
7                                      1.6815833459315294e-01
8                                      1.5480956964744066e-01
9                                      2.1557311650254013e-02
10                                     1.9200913575567397e-03
11                                     2.5271341877601591e-02
12                                     5.2372067737806144e-02
13                                     1.3488346495239448e-01
14                                     1.1116156740488725e-01
15                                     1.1211232405860545e-01
16                                     1.1959719296704656e-04
17                                     1.0437641458509157e-01
18                                     1.1555315136400814e-04
19                                     2.3537266775964026e-05
20                                     1.8695558048978338e-05
21                                     3.6175961075803712e-06
22                                     4.2943905605481759e-03
23                                     1.8440850670931807e-07
24                                     4.0828471244627965e-03
25                                     2.7039199072453675e-09
26                                     9.4022540262180804e-08
27                                     2.7556142583209212e-05
28                                     1.7427173028536310e-03
29                                     8.3364837707297428e-04
30                                     7.9219863917808178e-09
31                                     2.7465859638127237e-08
   &Method [&Type "String"] "SCF"
   &Level [&Type "String"] "Relaxed density"
   &Mult [&Type "Integer"] 1
   &State [&Type "Integer"] -1
   &Irrep [&Type "Integer"] 0
$End
$SCF_Mayer_Population_Analysis
   &GeometryIndex 1
   &NAtoms [&Type "Integer"] 32 "Total number of atoms"
   &NBondOrdersPrint [&Type "Integer"] 35 "The number of bond orders larger than threshold"
   &bondThresh [&Type "Double"]       1.0000000000000001e-01  "The threshold for printing"
   &components [&Type "ArrayOfIntegers", &Dim (35,4)] "The indices and atomic numbers of the bonding atoms"
                                                         0                           1                           2                           3

0                                                        0                           8                           8                           6
1                                                        0                           8                           9                           6
2                                                        1                           8                          11                           6
3                                                        1                           8                          27                           1
4                                                        2                           8                          13                           6
5                                                        2                           8                          28                           1
6                                                        3                           8                          12                           6
7                                                        3                           8                          28                           1
8                                                        4                           8                          15                           6
9                                                        4                           8                          29                           1
10                                                       5                           8                          19                           6
11                                                       5                           8                          30                           1
12                                                       6                           8                          21                           6
13                                                       6                           8                          31                           1
14                                                       7                           6                           8                           6
15                                                       7                           6                          12                           6
16                                                       7                           6                          13                           6
17                                                       8                           6                          14                           6
18                                                       9                           6                          10                           6
19                                                       9                           6                          11                           6
20                                                      10                           6                          16                           6
21                                                      10                           6                          18                           6
22                                                      11                           6                          12                           6
23                                                      13                           6                          17                           6
24                                                      14                           6                          15                           6
25                                                      14                           6                          22                           1
26                                                      15                           6                          17                           6
27                                                      16                           6                          19                           6
28                                                      16                           6                          23                           1
29                                                      17                           6                          24                           1
30                                                      18                           6                          20                           6
31                                                      18                           6                          25                           1
32                                                      19                           6                          21                           6
33                                                      20                           6                          21                           6
34                                                      20                           6                          26                           1
   &BondOrders [&Type "ArrayOfDoubles", &Dim (35,1)] "The bond orders"
                                                         0

0                                      9.1472831617398920e-01
1                                      9.6706849572551723e-01
2                                      1.0208158512418144e+00
3                                      7.4725414546453151e-01
4                                      1.0625925486800512e+00
5                                      6.5272889040824167e-01
6                                      1.7084080919416618e+00
7                                      1.4636552111023327e-01
8                                      9.5736953507364453e-01
9                                      7.7441923841228344e-01
10                                     9.1006207751047874e-01
11                                     7.4974461935887671e-01
12                                     8.9135386062661737e-01
13                                     7.6598564457309226e-01
14                                     1.2859335903676563e+00
15                                     1.0583606229105940e+00
16                                     1.2317230374705974e+00
17                                     1.3930159382639768e+00
18                                     9.5401136142611409e-01
19                                     1.5476199397433703e+00
20                                     1.4035859382030484e+00
21                                     1.4173696422071802e+00
22                                     1.0202303165113942e+00
23                                     1.4153814844236376e+00
24                                     1.3829741445107540e+00
25                                     9.1159607646112206e-01
26                                     1.3394582068224801e+00
27                                     1.3880354941169160e+00
28                                     9.1302263120977678e-01
29                                     9.1011430189992515e-01
30                                     1.4175842018370612e+00
31                                     9.2442012317943223e-01
32                                     1.3029414631994729e+00
33                                     1.4131890414016814e+00
34                                     9.1637328934323625e-01
   &ATNO [&Type "ArrayOfIntegers", &Dim (32,1)] "Atomic number of the elements"
                                                         0

0                                                        8
1                                                        8
2                                                        8
3                                                        8
4                                                        8
5                                                        8
6                                                        8
7                                                        6
8                                                        6
9                                                        6
10                                                       6
11                                                       6
12                                                       6
13                                                       6
14                                                       6
15                                                       6
16                                                       6
17                                                       6
18                                                       6
19                                                       6
20                                                       6
21                                                       6
22                                                       1
23                                                       1
24                                                       1
25                                                       1
26                                                       1
27                                                       1
28                                                       1
29                                                       1
30                                                       1
31                                                       1
   &NA [&Type "ArrayOfDoubles", &Dim (32,1)] "Mulliken gross atomic population"
                                                         0

0                                      8.4875286767033344e+00
1                                      8.6229957195175952e+00
2                                      8.6548590889544208e+00
3                                      8.4880802789728325e+00
4                                      8.6359034788057247e+00
5                                      8.6726277265982112e+00
6                                      8.6628654687435631e+00
7                                      6.0343338388622056e+00
8                                      5.6890580182803365e+00
9                                      5.8369886524841608e+00
10                                     5.9901192187969592e+00
11                                     5.7455295888333424e+00
12                                     5.6280221249186582e+00
13                                     5.6872799826212486e+00
14                                     6.2588461678259346e+00
15                                     5.6064579583976029e+00
16                                     6.1964670457314757e+00
17                                     6.2697887051428980e+00
18                                     6.1534231716290568e+00
19                                     5.6660214578368686e+00
20                                     6.1766536562529808e+00
21                                     5.6623510411257305e+00
22                                     8.5297254275566470e-01
23                                     8.4168539197661940e-01
24                                     8.6552431641052574e-01
25                                     8.5417634419428834e-01
26                                     8.4919030141922558e-01
27                                     5.8369665905303492e-01
28                                     5.5450641867156114e-01
29                                     5.8237316658977045e-01
30                                     5.8083428646204427e-01
31                                     6.0883950543216692e-01
   &ZA [&Type "ArrayOfDoubles", &Dim (32,1)] "Total nuclear charge"
                                                         0

0                                      8.0000000000000000e+00
1                                      8.0000000000000000e+00
2                                      8.0000000000000000e+00
3                                      8.0000000000000000e+00
4                                      8.0000000000000000e+00
5                                      8.0000000000000000e+00
6                                      8.0000000000000000e+00
7                                      6.0000000000000000e+00
8                                      6.0000000000000000e+00
9                                      6.0000000000000000e+00
10                                     6.0000000000000000e+00
11                                     6.0000000000000000e+00
12                                     6.0000000000000000e+00
13                                     6.0000000000000000e+00
14                                     6.0000000000000000e+00
15                                     6.0000000000000000e+00
16                                     6.0000000000000000e+00
17                                     6.0000000000000000e+00
18                                     6.0000000000000000e+00
19                                     6.0000000000000000e+00
20                                     6.0000000000000000e+00
21                                     6.0000000000000000e+00
22                                     1.0000000000000000e+00
23                                     1.0000000000000000e+00
24                                     1.0000000000000000e+00
25                                     1.0000000000000000e+00
26                                     1.0000000000000000e+00
27                                     1.0000000000000000e+00
28                                     1.0000000000000000e+00
29                                     1.0000000000000000e+00
30                                     1.0000000000000000e+00
31                                     1.0000000000000000e+00
   &QA [&Type "ArrayOfDoubles", &Dim (32,1)] "Mulliken gross atomic charge"
                                                         0

0                                     -4.8752867670333444e-01
1                                     -6.2299571951759525e-01
2                                     -6.5485908895442080e-01
3                                     -4.8808027897283246e-01
4                                     -6.3590347880572473e-01
5                                     -6.7262772659821124e-01
6                                     -6.6286546874356311e-01
7                                     -3.4333838862205646e-02
8                                      3.1094198171966347e-01
9                                      1.6301134751583923e-01
10                                     9.8807812030408115e-03
11                                     2.5447041116665758e-01
12                                     3.7197787508134184e-01
13                                     3.1272001737875144e-01
14                                    -2.5884616782593461e-01
15                                     3.9354204160239714e-01
16                                    -1.9646704573147566e-01
17                                    -2.6978870514289799e-01
18                                    -1.5342317162905683e-01
19                                     3.3397854216313139e-01
20                                    -1.7665365625298080e-01
21                                     3.3764895887426949e-01
22                                     1.4702745724433530e-01
23                                     1.5831460802338060e-01
24                                     1.3447568358947426e-01
25                                     1.4582365580571166e-01
26                                     1.5080969858077442e-01
27                                     4.1630334094696508e-01
28                                     4.4549358132843886e-01
29                                     4.1762683341022955e-01
30                                     4.1916571353795573e-01
31                                     3.9116049456783308e-01
   &VA [&Type "ArrayOfDoubles", &Dim (32,1)] "Mayer's total valence"
                                                         0

0                                      2.0798104206528158e+00
1                                      1.8740024849263042e+00
2                                      1.8748844143892429e+00
3                                      2.0733224379367634e+00
4                                      1.8841349686752620e+00
5                                      1.8092259920775788e+00
6                                      1.8034172016887255e+00
7                                      3.7344825197121962e+00
8                                      3.8127075081376383e+00
9                                      3.7117863239529569e+00
10                                     3.9268554041249590e+00
11                                     3.7329657764544018e+00
12                                     3.9006974531432590e+00
13                                     3.9068869435263234e+00
14                                     3.8532583438312287e+00
15                                     3.8394545069605148e+00
16                                     3.8962541927691472e+00
17                                     3.8501906420755021e+00
18                                     3.9290773219444159e+00
19                                     3.7883015544792467e+00
20                                     3.9097441106493869e+00
21                                     3.7746288229632325e+00
22                                     9.4153557122498133e-01
23                                     9.3809896048019636e-01
24                                     9.4370809511399090e-01
25                                     9.3730117303142735e-01
26                                     9.3821134530397488e-01
27                                     8.1062242349401936e-01
28                                     8.1536628745629425e-01
29                                     7.9705002457120522e-01
30                                     8.0456746128942402e-01
31                                     8.2595840946743471e-01
   &BVA [&Type "ArrayOfDoubles", &Dim (32,1)] "Mayer's bonded valence"
                                                         0

0                                      2.0798104206528989e+00
1                                      1.8740024849263202e+00
2                                      1.8748844143891865e+00
3                                      2.0733224379367652e+00
4                                      1.8841349686752602e+00
5                                      1.8092259920775671e+00
6                                      1.8034172016888188e+00
7                                      3.7344825197121154e+00
8                                      3.8127075081376072e+00
9                                      3.7117863239530209e+00
10                                     3.9268554041250030e+00
11                                     3.7329657764544386e+00
12                                     3.9006974531431919e+00
13                                     3.9068869435262914e+00
14                                     3.8532583438312420e+00
15                                     3.8394545069605011e+00
16                                     3.8962541927691454e+00
17                                     3.8501906420755181e+00
18                                     3.9290773219444390e+00
19                                     3.7883015544792409e+00
20                                     3.9097441106493589e+00
21                                     3.7746288229632508e+00
22                                     9.4153557122497289e-01
23                                     9.3809896048017882e-01
24                                     9.4370809511398746e-01
25                                     9.3730117303143634e-01
26                                     9.3821134530397465e-01
27                                     8.1062242349401703e-01
28                                     8.1536628745629036e-01
29                                     7.9705002457120266e-01
30                                     8.0456746128942336e-01
31                                     8.2595840946743793e-01
   &FA [&Type "ArrayOfDoubles", &Dim (32,1)] "Mayer's free valence"
                                                         0

0                                      0.0000000000000000e+00
1                                      0.0000000000000000e+00
2                                      0.0000000000000000e+00
3                                      0.0000000000000000e+00
4                                      0.0000000000000000e+00
5                                      0.0000000000000000e+00
6                                      0.0000000000000000e+00
7                                      0.0000000000000000e+00
8                                      0.0000000000000000e+00
9                                      0.0000000000000000e+00
10                                     0.0000000000000000e+00
11                                     0.0000000000000000e+00
12                                     0.0000000000000000e+00
13                                     0.0000000000000000e+00
14                                     0.0000000000000000e+00
15                                     0.0000000000000000e+00
16                                     0.0000000000000000e+00
17                                     0.0000000000000000e+00
18                                     0.0000000000000000e+00
19                                     0.0000000000000000e+00
20                                     0.0000000000000000e+00
21                                     0.0000000000000000e+00
22                                     0.0000000000000000e+00
23                                     0.0000000000000000e+00
24                                     0.0000000000000000e+00
25                                     0.0000000000000000e+00
26                                     0.0000000000000000e+00
27                                     0.0000000000000000e+00
28                                     0.0000000000000000e+00
29                                     0.0000000000000000e+00
30                                     0.0000000000000000e+00
31                                     0.0000000000000000e+00
   &Method [&Type "String"] "SCF"
   &Level [&Type "String"] "Relaxed density"
   &Mult [&Type "Integer"] 1
   &State [&Type "Integer"] -1
   &Irrep [&Type "Integer"] 0
$End
$SCF_Energy
   &GeometryIndex 1
   &Method [&Type "String"] "SCF"
   &totalEnergy [&Type "ArrayOfDoubles", &Dim (1,1)] "Total energy of each state"
                                                         0

0                                     -1.1035077473584181e+03
   &Mult [&Type "ArrayOfIntegers", &Dim (1,1)] "Multiplicity of each state"
                                                         0

0                                                        1
$End
$DFT_Energy
   &GeometryIndex 1
   &nAlphaEl [&Type "Integer"] 78
   &nBetaEl [&Type "Integer"] 78
   &nTotalEl [&Type "Integer"] 156
   &finalEn [&Type "Double"]      -1.1035077473584181e+03  "No Van der Waals correction"
   &eExchange [&Type "Double"]      -1.1061227671583102e+02
   &eCorr [&Type "Double"]      -6.4359998544794106e+00
   &eXC [&Type "Double"]      -1.1704827657031042e+02
   &eCNL [&Type "Double"]       0.0000000000000000e+00
$End
$SCF_Timings
   &GeometryIndex 1
   &TOTAL [&Type "Double"]       8.6052623999999994e+01
   &PREP [&Type "Double"]       1.1582820000000000e+00
   &FOCK [&Type "Double"]       7.5572110999999992e+01
   &DENS [&Type "Double"]       1.8811799999999579e-01
   &ETOT [&Type "Double"]       7.0707999999992666e-02
   &POP [&Type "Double"]       4.6675853000000004e+01
   &TRAFO [&Type "Double"]       8.8227000000003386e-02
   &DIIS [&Type "Double"]       1.0534099999999924e-01
   &SOSCF [&Type "Double"]       3.3168599999999415e-01
   &XC [&Type "Double"]       1.2919551999999996e+01
   &FOCKSTART [&Type "Double"]       9.4274999999999443e-02
   &INT_BF [&Type "Double"]       2.0419200000002533e+00
   &INT_DENS [&Type "Double"]       1.8047680000000703e+00
   &INT_DENSIO [&Type "Double"]       4.1841868607299577e+05
   &INT_FUNC [&Type "Double"]       2.9858300000002913e-01
   &INT_POT [&Type "Double"]       1.5800899999994691e+00
   &INT_POTIO [&Type "Double"]       1.9390620000002166e+00
   &INT_SUM [&Type "Double"]       9.9999999960687092e-06
   &SPLITRIJ [&Type "Double"]       5.5287340000000027e+00
   &COSX [&Type "Double"]       6.5511735999999999e+01
$End
$Single_Point_Data
   &GeometryIndex 1
   &FinalEnergy [&Type "Double"]      -1.1035077473584181e+03  "Final single point energy"
   &Converged [&Type "Boolean"] true
$End
$Calculation_Info
   &GeometryIndex 1
   &Mult [&Type "Integer"] 1
   &Charge [&Type "Integer"] 0
   &NumOfAtoms [&Type "Integer"] 32
   &NumOfElectrons [&Type "Integer"] 156
   &NumOfBasisFuncts [&Type "Integer"] 328
   &NumOfAuxCBasisFuncts [&Type "Integer"] 0
   &NumOfAuxJBasisFuncts [&Type "Integer"] 1188
   &NumOfAuxJKBasisFuncts [&Type "Integer"] 0
   &NumOfCABSBasisFuncts [&Type "Integer"] 0
$End
$SCF_Dipole_Moment
   &GeometryIndex 1
   &dipoleMagnitude [&Type "Double", &Units "a.u."]       2.5819590690140508e+00
   &dipoleElecContrib [&Type "ArrayOfDoubles", &Dim (3,1)] "Electronic contribution"
                                                         0

0                                     -3.0492104235214148e+00
1                                      2.1887653921103341e+00
2                                      7.5567131623179051e-01
   &dipoleNucContrib [&Type "ArrayOfDoubles", &Dim (3,1)] "Nuclear contribution"
                                                         0

0                                      5.0801486530594122e+00
1                                     -3.7672891574427476e+00
2                                     -5.3191863100600612e-01
   &dipoleTotal [&Type "ArrayOfDoubles", &Dim (3,1)] "Total"
                                                         0

0                                      2.0309382295379974e+00
1                                     -1.5785237653324136e+00
2                                      2.2375268522578440e-01
   &doAtomicDipole [&Type "Boolean"] false
   &Method [&Type "String"] "SCF"
   &Level [&Type "String"] "Relaxed density"
   &Mult [&Type "Integer"] 1
   &State [&Type "Integer"] -1
   &Irrep [&Type "Integer"] 0
$End
$Calculation_Timings
   &GeometryIndex 1
   &GTOINT [&Type "Double"]       6.0755479999999995e+00
   &SCF [&Type "Double"]       1.3526552200000000e+02
   &PROP [&Type "Double"]       4.9457300000000259e-01
   &SUM [&Type "Double"]       1.4183564300000000e+02
$End
